0.01,1.00994983375,0.9899501670833333
0.02,1.0197986733582636,0.9798013399749307
0.03,1.0295455339490378,0.9695545335490454
0.04,1.0391894408443858,0.959210772477781
0.05,1.048729429661655,0.9487710911286246
0.06,1.0581645464099134,0.9382365334610111
0.07,1.0674938475853493,0.9276081529219286
0.08,1.0767164002656195,0.9168870123405736
0.09,1.0858312822031417,0.90607418382207
0.1,1.094837581917318,0.8951707486402587
0.11,1.1037343987856822,0.8841777971295717
0.12,1.1125208431339617,0.8730964285759989
0.13,1.121196036325044,0.8619277511071611
0.14,1.1297591108468392,0.8506728815814979
0.15,1.1382092103990313,0.8393329454765827
0.16,1.1465454899787069,0.8279090767765757
0.17,1.154767115964855,0.8164024178588268
0.18,1.1628732662017283,0.804814119379639
0.19,1.1708631300810586,0.793145340159203
0.2,1.1787359086231162,0.7813972470657167
0.21,1.1864908145566075,0.7695710148986992
0.22,1.194127072397402,0.7576678262715119
0.23,1.2016439185260792,0.7456888714930979
0.24,1.2090406012642902,0.7336353484489526
0.25,1.2163163809499253,0.7215084624813355
0.26,1.2234705300110793,0.7093094262687375
0.27,1.2305023330388078,0.6970394597046139
0.28,1.237411086858668,0.6846997897753959
0.29,1.2441961006010354,0.6722916504377932
0.3,1.2508566957701899,0.6598162824953991
0.31,1.2573922063121652,0.6472749334746118
0.32,1.2638019786813535,0.6346688574998821
0.33,1.2700853719058594,0.6219993151683021
0.34,1.2762417576515968,0.6092675734235468
0.35000000000000003,1.2822705202851215,0.5964749054291807
0.36,1.288171056935194,0.5836225904413426
0.37,1.293942777553067,0.5707119136808207
0.38,1.2995851049714882,0.5577441662045323
0.39,1.3050974749624176,0.544720644776418
0.4,1.3104793362934501,0.5316426517377678
0.41000000000000003,1.3157301507829375,0.5185114948769869
0.42,1.3208493933538066,0.5053284872988186
0.43,1.3258365520860664,0.4920949472930347
0.44,1.3306911282679998,0.4788121982026076
0.45,1.3354126364460341,0.46548156829137727
0.46,1.3400006044732862,0.45210439061122576
0.47000000000000003,1.3444545735567766,0.43868200286877324
0.48,1.3487740983033087,0.42521574729160844
0.49,1.3529587467640076,0.41170697049406707
0.5,1.3570081004775145,0.3981570233425713
0.51,1.3609217545118326,0.38456726082054454
0.52,1.3646993175048197,0.370939041892914
0.53,1.3683404117033247,0.35727372937021534
0.54,1.371844673000962,0.3435726897723129
0.55,1.375211750974522,0.3298372931917488
0.56,1.3784413089190135,0.3160689131567347
0.5700000000000001,1.3815330238813333,0.30226892649380027
0.58,1.3844865866925615,0.2884387131901116
0.59,1.3873017019988785,0.2745796562554737
0.6,1.3899780882910997,0.2606931415840307
0.61,1.3925154779328262,0.24678055781567734
0.62,1.394913617187208,0.23284329619719651
0.63,1.3971722662423187,0.2188827504431355
0.64,1.3992911992351347,0.20490031659643565
0.65,1.4012702042741225,0.19089739288882948
0.66,1.4031090834604276,0.17687537960101843
0.67,1.4048076529076636,0.16283567892264608
0.68,1.4063657427603014,0.14877969481208034
0.6900000000000001,1.407783197210654,0.13470883285601873
0.7000000000000001,1.4090598745144578,0.12062450012893094
0.71,1.4101956470050463,0.10652810505235255
0.72,1.411190401106117,0.09242105725404401
0.73,1.4120440373430885,0.0783047674270291
0.74,1.4127564703530486,0.06418064718852674
0.75,1.4133276288932903,0.05005010893879049
0.76,1.4137574558484352,0.03591456571986968
0.77,1.414045908236146,0.02177543107430638
0.78,1.4141929572114247,0.007634118903782339
0.79,1.4141985880694958,-0.006507956672270013
0.8,1.4140628002472786,-0.02064938145807833
0.81,1.4137856073234418,-0.03478874132294875
0.8200000000000001,1.413367037017047,-0.048924622342677776
0.8300000000000001,1.412807131184776,-0.06305561094094353
0.84,1.4121059458167455,-0.07718029403066222
0.85,1.411263551030908,-0.09129725915529563
0.86,1.4102800310660397,-0.10540509463009563
0.87,1.4091554842733178,-0.11950238968327147
0.88,1.4078900231064846,-0.13358773459706577
0.89,1.406483774110602,-0.14765972084872514
0.9,1.4049368779093976,-0.16171694125135125
0.91,1.4032494891912024,-0.1757579900946184
0.92,1.4014217766934822,-0.18978146328534332
0.93,1.3994539231859637,-0.20378595848789338
0.9400000000000001,1.3973461254523578,-0.2177700752644189
0.9500000000000001,1.395098594270681,-0.2317324152148959
0.96,1.3927115543921789,-0.24567158211696477
0.97,1.3901852445188498,-0.25958618206555145
0.98,1.387519917279576,-0.27347482361225683
0.99,1.38471583920486,-0.28733611790450025
1.0,1.3817732907001727,-0.3011686788244038
1.01,1.3786925660179123,-0.3149711231274028
1.02,1.37547397322798,-0.32874207058056915
1.03,1.3721178341869722,-0.3424801441006336
1.04,1.3686244845059963,-0.35618396989169265
1.05,1.3649942735171092,-0.36985217758258726
1.06,1.3612275642383846,-0.3834834003639387
1.07,1.3573247333376115,-0.3970762751248284
1.08,1.3532861710946276,-0.41062944258910783
1.09,1.3491122813622913,-0.4241415474513251
1.1,1.344803481526098,-0.4376112385122542
1.11,1.3403602024624404,-0.451037168814014
1.12,1.335782888495522,-0.4644179957747628
1.1300000000000001,1.3310719973529253,-0.47775238132295533
1.1400000000000001,1.3262280001198383,-0.49103899203114904
1.1500000000000001,1.3212513811919477,-0.5042764992493454
1.16,1.3161426382269994,-0.517463579237854
1.17,1.3109022820950322,-0.5305989132996656
1.18,1.3055308368272924,-0.5436811879123201
1.19,1.3000288395638304,-0.5567090948592585
1.2,1.2943968404997874,-0.5696813313606427
1.21,1.2886354028303766,-0.582596600203633
1.22,1.2827451026945635,-0.595453609872108
1.23,1.2767265291174532,-0.6082510746758153
1.24,1.2705802839513878,-0.6209877148789391
1.25,1.2643069818157617,-0.6336622568280733
1.26,1.257907250035561,-0.6462734330795852
1.27,1.2513817285786302,-0.6588199825263591
1.28,1.2447310699916772,-0.671300650523906
1.29,1.2379559393350181,-0.6837141890158268
1.3,1.2310570141160728,-0.6960593566586172
1.31,1.224034984221614,-0.7083349189458007
1.32,1.2168905518487794,-0.7205396483313784
1.33,1.2096244314348523,-0.7326723243525826
1.34,1.202237349585819,-0.7447317337519217
1.35,1.1947300450037084,-0.7567166705985056
1.36,1.1871032684127225,-0.7686259364086372
1.37,1.1793577824841646,-0.7804583402656601
1.3800000000000001,1.171494361760173,-0.792212698939049
1.3900000000000001,1.1635137925762669,-0.8038878370027321
1.4000000000000001,1.1554168729827143,-0.8154825869526325
1.41,1.1472044126647272,-0.8269957893234177
1.42,1.1388772328614931,-0.8384262928044449
1.43,1.1304361662840532,-0.8497729543548918
1.44,1.121882057032031,-0.8610346393180589
1.45,1.1132157605092228,-0.8722102215348349
1.46,1.1044381433380592,-0.8832985834563112
1.47,1.0955500832729423,-0.8942986162555362
1.48,1.086552469112472,-0.9052092199383968
1.49,1.0774462006105658,-0.9160293034536169
1.5,1.0682321883864856,-0.926757784801862
1.51,1.058911353833775,-0.9373935911439377
1.52,1.0494846290281223,-0.9479356589080733
1.53,1.0399529566341519,-0.9583829338962775
1.54,1.03031728981116,-0.9687343713897576
1.55,1.0205785921177994,-0.9789889362533908
1.56,1.0107378374157234,-0.9891456030392362
1.57,1.0007960097722015,-0.9992033560890792
1.58,0.9907541033617131,-1.0091611896359964
1.59,0.9806131223665309,-1.0190181079049316
1.6,0.9703740808763034,-1.0287731252122723
1.61,0.960038002786647,-1.0384252660644167
1.62,0.949605921696757,-1.0479735652553233
1.6300000000000001,0.9390788808060488,-1.0574170679630301
1.6400000000000001,0.9284579328098391,-1.0667548298451361
1.6500000000000001,0.9177441397940764,-1.0759859171332347
1.6600000000000001,0.906938573129134,-1.0851094067262896
1.67,0.8960423133626735,-1.0941243862829446
1.68,0.8850564501115913,-1.1030299543127569
1.69,0.8739820819530574,-1.1118252202663446
1.7,0.8628203163146588,-1.120509304624442
1.71,0.8515722693636579,-1.1290813389858503
1.72,0.8402390658953762,-1.1375404661542765
1.73,0.828821839220716,-1.1458858402240535
1.74,0.8173217310528302,-1.1541166266647287
1.75,0.8057398913929521,-1.1622320024045172
1.76,0.794077478415396,-1.170231155912608
1.77,0.7823356583517408,-1.1781132872803162
1.78,0.7705156053742078,-1.1858776083010738
1.79,0.7586185014782446,-1.1935233425492489
1.8,0.7466455363643263,-1.2010497254577883
1.81,0.7345979073189868,-1.2084560043946733
1.82,0.7224768190950906,-1.2157414387381822
1.83,0.7102834837913592,-1.222905299950952
1.84,0.6980191207311616,-1.2299468716528312
1.85,0.6856849563405832,-1.236865449692518
1.86,0.6732822240257847,-1.2436603422179737
1.87,0.6608121640496617,-1.2503308697456086
1.8800000000000001,0.6482760234078199,-1.2568763652282284
1.8900000000000001,0.6356750557038764,-1.26329617412174
1.9000000000000001,0.6230105210241007,-1.2695896544506033
1.9100000000000001,0.6102836858114069,-1.2757561768720307
1.92,0.5974958227387104,-1.2817951247389185
1.93,0.5846482105816616,-1.287705894161513
1.94,0.5717421340907698,-1.2934878940677972
1.95,0.5587788838629288,-1.2991405462625991
1.96,0.5457597562123586,-1.3046632854854099
1.97,0.5326860530409747,-1.3100555594669094
1.98,0.5195590817081993,-1.3153168289841934
1.99,0.5063801549002264,-1.3204465679146946
2.0,0.49315059049875415,-1.3254442632887948
2.0100000000000002,0.4798717114491979,-1.3303094153411212
2.02,0.46654484562839665,-1.3350415375605231
2.0300000000000002,0.4531713257118266,-1.3396401567387222
2.04,0.43975248904033465,-1.3441048130176325
2.05,0.42628967748640534,-1.3484350599353472
2.06,0.4127842373199749,-1.3526304644707827
2.07,0.3992375190738052,-1.356690607086982
2.08,0.38565087740843185,-1.360615081773067
2.09,0.3720256709766989,-1.3644034960848392
2.1,0.35836326228789506,-1.368055471184025
2.11,0.34466501757150364,-1.3715706418761575
2.12,0.3309323066405809,-1.374948656647097
2.13,0.31716650275477576,-1.3781891776981812
2.14,0.3033689824830052,-1.3812918809800057
2.15,0.28954112556579825,-1.3842564562248278
2.16,0.2756843147773232,-1.387082606977594
2.17,0.26179993578711136,-1.3897700506255835
2.18,0.24788937702149125,-1.3923185184266715
2.19,0.23395402952474711,-1.3947277555362017
2.2,0.21999528682001562,-1.3969975210324705
2.21,0.2060145447699348,-1.3991275879408203
2.22,0.19201320143705883,-1.4011177432563349
2.23,0.177992656944053,-1.4029677879651414
2.24,0.16395431333368266,-1.4046775370643108
2.25,0.14989957442861002,-1.4062468195803577
2.2600000000000002,0.13582984569101308,-1.4076754785863386
2.27,0.12174653408204068,-1.4089633712175431
2.2800000000000002,0.1076510479211174,-1.4101103686857817
2.29,0.09354479674511292,-1.4111163562922633
2.3000000000000003,0.0794291911673894,-1.4119812334390656
2.31,0.06530564273674144,-1.4127049136391945
2.32,0.05117556379624228,-1.413287324525233
2.33,0.03704036734201071,-1.4137284078565784
2.34,0.022901466881912618,-1.4140281195252646
2.35,0.008760276294211408,-1.4141864295603748
2.36,-0.005381790313818675,-1.414203322131037
2.37,-0.01952331874730208,-1.4140787955480087
2.38,-0.03366289486518026,-1.4138128622638444
2.39,-0.04779910472162461,-1.4134055488716506
2.4,-0.061930534707429846,-1.4128568961024273
2.41,-0.07605577169137379,-1.412166958820994
2.42,-0.09017340316152926,-1.4113358060205041
2.43,-0.10428201736651414,-1.410363520815545
2.44,-0.1183802034566653,-1.4092502004338268
2.45,-0.13246655162512241,-1.40799595620646
2.46,-0.14653965324880747,-1.406600913556822
2.47,-0.16059810102928584,-1.4050652119880154
2.48,-0.17464048913349509,-1.403389005068917
2.49,-0.18866541333432693,-1.4015724604188222
2.5,-0.20267147115104894,-1.3996157596906822
2.5100000000000002,-0.21665726198955138,-1.3975190985529389
2.52,-0.2306213872824054,-1.395282686669959
2.5300000000000002,-0.24456245062871865,-1.392906747681067
2.54,-0.2584790579337743,-1.3903915191781822
2.5500000000000003,-0.2723698175484392,-1.3877372526820584
2.56,-0.28623334040832765,-1.3849442136171333
2.57,-0.30006824017270683,-1.382012681284986
2.58,-0.3138731333631296,-1.3789429488364067
2.59,-0.3276466395017812,-1.375735323242082
2.6,-0.34138738124952583,-1.3723901252618984
2.61,-0.35509398454363955,-1.3689076894128662
2.62,-0.3687650787352153,-1.365288363935668
2.63,-0.3823992967262267,-1.3615325107598357
2.64,-0.39599527510623667,-1.3576405054675569
2.65,-0.40955165428873735,-1.3536127372561173
2.66,-0.42306707864710774,-1.3494496088989816
2.67,-0.436540196650175,-1.345151536705516
2.68,-0.4499696609973666,-1.3407189504793582
2.69,-0.4633541287534393,-1.3361522934754368
2.7,-0.4766922614827713,-1.331452022355647
2.71,-0.489982725383205,-1.3266186071431834
2.72,-0.503224191419426,-1.3216525311755394
2.73,-0.5164153354558653,-1.3165542910561734
2.74,-0.5295548383891121,-1.311324396604849
2.75,-0.5426413862798228,-1.3059633708066525
2.7600000000000002,-0.5556736704841141,-1.3004717497596963
2.77,-0.5686503877844259,-1.2948500826215088
2.7800000000000002,-0.5815702405198423,-1.289098931554119
2.79,-0.5944319367158565,-1.2832188716678408
2.8000000000000003,-0.6072341902135672,-1.2772104909637627
2.81,-0.6199757207982932,-1.2710743902749482
2.82,-0.6326552543275943,-1.2648111832063527
2.83,-0.6452715228586839,-1.2584214960734634
2.84,-0.6578232647752228,-1.2519059678396691
2.85,-0.6703092249134791,-1.245265250052363
2.86,-0.6827281546878442,-1.2385000067777903
2.87,-0.69507881221569,-1.2316109145346403
2.88,-0.7073599624415561,-1.2245986622263967
2.89,-0.7195703772606542,-1.2174639510724463
2.9,-0.7317088356416781,-1.210207494537959
2.91,-0.7437741237489052,-1.202830018262541
2.92,-0.7557650350635793,-1.1953322599876721
2.93,-0.7676803705045616,-1.1877149694829312
2.94,-0.7795189385482376,-1.179978908471021
2.95,-0.7912795553476686,-1.172124850551596
2.96,-0.8029610448509752,-1.164153581123903
2.97,-0.814562238918942,-1.1560658973082418
2.98,-0.8260819774418299,-1.1478626078662544
2.99,-0.8375191084553865,-1.1395445331200484
3.0,-0.8488724882560417,-1.131112504870167
3.0100000000000002,-0.8601409815152766,-1.1225673663124078
3.02,-0.871323461393156,-1.1139099719535062
3.0300000000000002,-0.8824188096510108,-1.105141187525683
3.04,-0.8934259167632617,-1.0962618899000736
3.0500000000000003,-0.90434368202837,-1.087272966999041
3.06,-0.9151710136789077,-1.0781753177073847
3.0700000000000003,-0.9259068289907326,-1.0689698517824522
3.08,-0.9365500543912602,-1.0596574897631648
3.09,-0.9470996255668198,-1.0502391628779637
3.1,-0.9575544875690855,-1.040715812951689
3.11,-0.9679135949205694,-1.0310883923113967
3.12,-0.9781759117191693,-1.021357863691128
3.13,-0.9883404117417572,-1.011525200135636
3.14,-0.9984060785468016,-1.0015913849030824
3.15,-1.00837190557601,-0.991557411366712
3.16,-1.0182368962549848,-0.9814242829155168
3.17,-1.0280000640928788,-0.9711930128538973
3.18,-1.0376604327810444,-0.9608646243003336
3.19,-1.0472170362906632,-0.9504401500850739
3.2,-1.0566689189693481,-0.9399206326468524
3.21,-1.066015135636708,-0.9293071239286467
3.22,-1.0752547516788649,-0.9186006852724837
3.23,-1.0843868431419144,-0.907802387313307
3.24,-1.0934104968243203,-0.8969133098719136
3.25,-1.1023248103682344,-0.8859345418469735
3.2600000000000002,-1.1111288923497307,-0.8748671811061399
3.27,-1.1198218623679481,-0.863712334376264
3.2800000000000002,-1.128402851133129,-0.8524711171327229
3.29,-1.1368710005535478,-0.8411446534878732
3.3000000000000003,-1.1452254638213195,-0.8297340760786404
3.31,-1.1534654054970794,-0.8182405259532564
3.3200000000000003,-1.1615900015935268,-0.8066651524571558
3.33,-1.1695984396578225,-0.7950091131180417
3.34,-1.1774899188528338,-0.7832735735301346
3.35,-1.1852636500372178,-0.7714597072376136
3.36,-1.192918855844334,-0.7595686956172627
3.37,-1.2004547707599813,-0.7476017277603347
3.38,-1.2078706411989482,-0.7355600003536428
3.39,-1.2151657255803707,-0.7234447175598925
3.4,-1.22233929440189,-0.711257090897267
3.41,-1.229390630312602,-0.698998339118276
3.42,-1.2363190281847922,-0.6866696880878818
3.43,-1.2431237951844467,-0.6742723706609132
3.44,-1.2498042508405365,-0.6618076265587817
3.45,-1.2563597271130629,-0.64927670224551
3.46,-1.2627895684598618,-0.6366808508030869
3.47,-1.2690931319021568,-0.6240213318061599
3.48,-1.2752697870888567,-0.6112994111960789
3.49,-1.2813189163595904,-0.5985163611543031
3.5,-1.2872399148064715,-0.5856734599751839
3.5100000000000002,-1.2930321903345896,-0.5727719919381369
3.52,-1.298695163721219,-0.5598132471792141
3.5300000000000002,-1.30422826867374,-0.5467985215620924
3.54,-1.3096309518862688,-0.5337291165484878
3.5500000000000003,-1.3149026730949862,-0.5206063390680101
3.56,-1.3200429051321645,-0.5074315013874717
3.5700000000000003,-1.3250511339788835,-0.4942059209796614
3.58,-1.3299268588164324,-0.48093092039159835
3.59,-1.3346695920763902,-0.4676078271122788
3.6,-1.3392788594893836,-0.4542379734399279
3.61,-1.3437542001325125,-0.44082269634877114
3.62,-1.3480951664754417,-0.42736333735533805
3.63,-1.3523013244251547,-0.41386124238431166
3.64,-1.3563722533693616,-0.4003177616339372
3.65,-1.3603075462185608,-0.38673424944100315
3.66,-1.3641068094467463,-0.37311206414540915
3.67,-1.3677696631307619,-0.35945256795433267
3.68,-1.3712957409882913,-0.34575712680600973
3.69,-1.3746846904144874,-0.33202711023314213
3.7,-1.3779361725172317,-0.3182638912259453
3.71,-1.3810498621510234,-0.30446884609485036
3.72,-1.3840254479494942,-0.2906433543328744
3.73,-1.3868626323565436,-0.27678879847767224
3.74,-1.3895611316560956,-0.26290656397328366
3.75,-1.3921206760004687,-0.24899803903159037
3.7600000000000002,-1.3945410094373618,-0.23506461449349594
3.77,-1.3968218899354479,-0.22110768368984282
3.7800000000000002,-1.398963089408578,-0.20712864230208036
3.79,-1.4009643937385894,-0.19312888822269797
3.8000000000000003,-1.4028256027967165,-0.17910982141543694
3.81,-1.404546530463605,-0.1650728437752952
3.8200000000000003,-1.4061270046479217,-0.15101935898833915
3.83,-1.4075668673035657,-0.13695077239133602
3.84,-1.4088659744454715,-0.1228684908312215
3.85,-1.410024196164007,-0.10877392252441617
3.86,-1.411041416637966,-0.09466847691600504
3.87,-1.4119175341461485,-0.08055356453879421
3.88,-1.412652461077534,-0.0664305968722588
3.89,-1.4132461239400418,-0.05230098620139611
3.9,-1.4136984633678802,-0.038166145475498355
3.91,-1.4140094341274836,-0.0240274881668589
3.92,-1.414179005122035,-0.009886428129426195
3.93,-1.4142071593945764,0.004255620542580432
3.94,-1.4140938941297039,0.01839724365607901
3.95,-1.4138392206538497,0.03253702706054308
3.96,-1.4134431644341492,0.04667355678941554
3.97,-1.412905765075894,0.06080541920150413
3.98,-1.4122270763185725,0.07493120112234442
3.99,-1.4114071660304945,0.08904948998551597
4.0,-1.4104461162020059,0.10315887397389792
4.01,-1.4093440229372884,0.11725794216084945
4.0200000000000005,-1.4081009964447502,0.13134528465130127
4.03,-1.4067171610260045,0.14541949272274401
4.04,-1.4051926550634402,0.1594791589660992
4.05,-1.4035276310063827,0.1735228774264591
4.0600000000000005,-1.4017222553558506,0.18754924374368098
4.07,-1.3997767086479043,0.20155685529282194
4.08,-1.3976911854355931,0.21554431132440027
4.09,-1.3954658942695006,0.2295102131044692
4.1,-1.3931010576768887,0.2434531640544892
4.11,-1.3905969121394461,0.25737176989098454
4.12,-1.3879537080696396,0.27126463876497064
4.13,-1.3851717097856735,0.2851303814011377
4.14,-1.382251195485058,0.2989676112367771
4.15,-1.3791924572167893,0.3127749445604365
4.16,-1.3759958008521451,0.3265510006502897
4.17,-1.372661546054098,0.34029440191220806
4.18,-1.3691900262453494,0.3540037740175184
4.19,-1.3655815885749867,0.3676777460404349
4.2,-1.3618365938837702,0.38131495059515036
4.21,-1.357955416668048,0.3949140239725739
4.22,-1.3539384450423078,0.4084736062767005
4.23,-1.349786080700364,0.42199234156059956
4.24,-1.345498738875191,0.4354688779620085
4.25,-1.3410768482973978,0.4489018678385179
4.26,-1.3365208511523579,0.46228996790233434
4.2700000000000005,-1.3318312030359887,0.47563183935460845
4.28,-1.3270083729091937,0.4889261480193134
4.29,-1.3220528430509666,0.5021715644766614
4.3,-1.3169651090101635,0.5153667641960449
4.3100000000000005,-1.3117456795559488,0.528510427668488
4.32,-1.3063950766269181,0.5416012405385968
4.33,-1.3009138352789056,0.5546378937359935
4.34,-1.295302503631478,0.5676190836062223
4.3500000000000005,-1.2895616428131242,0.5805435120411141
4.36,-1.2836918269051418,0.593409886608596
4.37,-1.27769364288423,0.6062169206819332
4.38,-1.2715676905637923,0.6189633335683913
4.39,-1.2653145825339556,0.6316478506373038
4.4,-1.258934944100312,0.6442692034475344
4.41,-1.2524294132213885,0.6568261298743199
4.42,-1.2457986404448513,0.6693173742354821
4.43,-1.2390432888424527,0.6817416874169944
4.44,-1.2321640339437232,0.6940978269978922
4.45,-1.2251615636684199,0.7063845573745147
4.46,-1.218036578257735,0.7186006498840631
4.47,-1.2107897902042717,0.7307448829274669
4.48,-1.2034219241807964,0.7428160420915418
4.49,-1.1959337169677715,0.7548129202704312
4.5,-1.1883259173796779,0.7667343177863146
4.51,-1.1805992861901344,0.7785790425093752
4.5200000000000005,-1.1727545960558212,0.7903459099770113
4.53,-1.1647926314392143,0.8020337435122821
4.54,-1.1567141885301404,0.8136413743415741
4.55,-1.1485200751661582,0.8251676417114776
4.5600000000000005,-1.1402111107517754,0.836611393004861
4.57,-1.1317881261765093,0.8479714838561314
4.58,-1.1232519637317981,0.8592467782656708
4.59,-1.114603477026773,0.8704361487134343
4.6000000000000005,-1.1058435309028969,0.8815384762717019
4.61,-1.0969730013474823,0.8925526507169699
4.62,-1.0879927754060925,0.9034775706409722
4.63,-1.078903751093838,0.9143121435608209
4.64,-1.0697068373055756,0.9250552860282528
4.65,-1.06040295372502,0.935705923737974
4.66,-1.0509930307327757,0.9462629916350892
4.67,-1.0414780093133005,0.9567254340216064
4.68,-1.031858840960807,0.9670922046620056
4.69,-1.0221364875841141,0.9773622668878622
4.7,-1.0123119214104577,0.987534593701512
4.71,-1.0023861248882675,0.9976081678787506
4.72,-0.9923600905889245,1.0075819820705554
4.73,-0.9822348211075032,1.0174550389038184
4.74,-0.972011328962514,1.0272263510810844
4.75,-0.9616906364946516,1.0368949414792783
4.76,-0.9512737757645621,1.0464598432474177
4.7700000000000005,-0.9407617884496376,1.0559200999032965
4.78,-0.9301557257398496,1.065274765429133
4.79,-0.9194566482326304,1.0745229043661702
4.8,-0.9086656258268148,1.0836635919082214
4.8100000000000005,-0.8977837376156506,1.0926959139941497
4.82,-0.8868120717788905,1.1016189673992736
4.83,-0.8757517254739752,1.1104318598256884
4.84,-0.8646038047263178,1.119133709991496
4.8500000000000005,-0.8533694243187031,1.1277236477189312
4.86,-0.8420497076798097,1.1362008140213797
4.87,-0.8306457867718683,1.1445643611892757
4.88,-0.8191588019774663,1.1528134528748724
4.89,-0.8075899019855103,1.1609472641758751
4.9,-0.7959402436763587,1.1689649817179324
4.91,-0.7842109920061343,1.1768658037359716
4.92,-0.7724033198902295,1.184648940154375
4.93,-0.760518408086016,1.1923136126659866
4.94,-0.74855744507477,1.1998590548099428
4.95,-0.7365216269428249,1.207284512048317
4.96,-0.724412157261964,1.2145892418415736
4.97,-0.7122302469690638,1.2217725137228204
4.98,-0.699977114245002,1.2288336093708556
4.99,-0.6876539843928399,1.2357718226819987
5.0,-0.6752620897152932,1.2425864598407006
5.01,-0.662802669391503,1.2492768393889242
5.0200000000000005,-0.6502769693531185,1.2558422922942902
5.03,-0.6376862421597054,1.2622821620169795
5.04,-0.6250317468734905,1.2685958045753862
5.05,-0.6123147489334569,1.2747825886105162
5.0600000000000005,-0.599536520028801,1.2808418954491214
5.07,-0.5866983379717644,1.2867731191655678
5.08,-0.5738014865698543,1.2925756666424264
5.09,-0.5608472554974633,1.2982489576297849
5.1000000000000005,-0.5478369401669032,1.3037924248032724
5.11,-0.534771841598865,1.3092055138207914
5.12,-0.5216532662923178,1.314487683377951
5.13,-0.5084825260938598,1.3196384052621974
5.14,-0.49526093806653504,1.3246571644056346
5.15,-0.48198982435812815,1.3295434589365305
5.16,-0.4686705120689505,1.334296800229504
5.17,-0.45530433311913143,1.3389167129543869
5.18,-0.44189262411542723,1.343402735123757
5.19,-0.4284367262175617,1.3477544181391354
5.2,-0.4149379850041111,1.3519713268358473
5.21,-0.4013977503379477,1.356053039526537
5.22,-0.38781737623125445,1.3599991480433373
5.23,-0.37419822071012476,1.3638092577786847
5.24,-0.3605416456787613,1.3674829877247807
5.25,-0.3468490167832865,1.3710199705116923
5.26,-0.33312170327517926,1.3744198524440885
5.2700000000000005,-0.31936107787435075,1.377682293536609
5.28,-0.3055685166318736,1.3808069675478638
5.29,-0.2917453987923782,1.3837935620130553
5.3,-0.27789310665612893,1.3866417782752258
5.3100000000000005,-0.2640130254407957,1.389351331515123
5.32,-0.2501065431429331,1.3919219507796805
5.33,-0.23617505039918202,1.3943533790091145
5.34,-0.22221994034720702,1.396645373062628
5.3500000000000005,-0.20824260848638387,1.3987977037427257
5.36,-0.19424445253825068,1.4008101558181334
5.37,-0.18022687230673692,1.4026825280453206
5.38,-0.16619126953818425,1.4044146331886247
5.39,-0.152139047781173,1.406006298038975
5.4,-0.13807161224616846,1.4074573634312126
5.41,-0.1239903696650011,1.4087676842600079
5.42,-0.10989672815019447,1.40993712949437
5.43,-0.09579209705415515,1.4109655821907496
5.44,-0.08167788682823868,1.4118529395047346
5.45,-0.06755550888170563,1.4125991127013326
5.46,-0.05342637544058179,1.4132040271638462
5.47,-0.03929189940643682,1.413667622401333
5.48,-0.02515349421509519,1.4139898520546554
5.49,-0.011012573695293845,1.414170683901117
5.5,0.0031294480726995356,1.4142100998576836
5.51,0.017271156898493366,1.4141080959827927
5.5200000000000005,0.03141113862299002,1.4138646824767465
5.53,0.045547979259800565,1.4134798836806928
5.54,0.059680265136642215,1.4129537380741906
5.55,0.07380658303670438,1.412286298271362
5.5600000000000005,0.0879255203399692,1.4114776310156312
5.57,0.10203566516447231,1.4105278171730498
5.58,0.11613560650748991,1.4094369517242105
5.59,0.13022393438663785,1.4082051437547491
5.6000000000000005,0.1442992399808687,1.4068325164444362
5.61,0.15836011577135262,1.4053192070548588
5.62,0.17240515568222817,1.4036653669156949
5.63,0.18643295522120867,1.40187116140958
5.64,0.20044211162003026,1.3999367699555696
5.65,0.2144312239747275,1.3978623859911972
5.66,0.22839889338572275,1.3956482169531303
5.67,0.24234372309771482,1.3932944842564279
5.68,0.2562643186393534,1.3908014232723978
5.69,0.270159287962685,1.388169283305061
5.7,0.28402724158235665,1.3853983275662207
5.71,0.2978667927145632,1.3824888331491418
5.72,0.31167655741572453,1.3794410910008412
5.73,0.3254551547208789,1.3762554058929939
5.74,0.3392012067817781,1.372932096391456
5.75,0.35291333900467137,1.3694714948244082
5.76,0.3665901801877633,1.3658739472491233
5.7700000000000005,0.38023036265833315,1.3621398134173606
5.78,0.39383252240950095,1.3582694667393918
5.79,0.4073952992366268,1.354263294246659
5.8,0.4209173368733306,1.3501216965530733
5.8100000000000005,0.4343972831271171,1.3458450878149526
5.82,0.4478337900145945,1.3414338956896066
5.83,0.4612255138962713,1.336888561292572
5.84,0.4745711156109193,1.3322095391535005
5.8500000000000005,0.48786926060948854,1.3273972971707069
5.86,0.5011186190885611,1.3224523165643791
5.87,0.5143178661233305,1.317375091828457
5.88,0.5274656818000927,1.312166130681183
5.89,0.5405607513482368,1.3068259540143308
5.9,0.5536017652717207,1.301355095841117
5.91,0.5665874194800197,1.2957541032428
5.92,0.5795164154185346,1.2900235363139718
5.93,0.5923874601984459,1.2841639681065498
5.94,0.6051992667260016,1.2781759845724716
5.95,0.6179505538312255,1.2720601845051007
5.96,0.6306400463960337,1.2658171794793474
5.97,0.6432664754817441,1.2594475937905112
5.98,0.6558285784559705,1.2529520643918532
5.99,0.6683250991188842,1.2463312408309004
6.0,0.6807547878288326,1.2395857851844911
6.01,0.693116401627303,1.232716371992569
6.0200000000000005,0.7054087043632172,1.2257236881907283
6.03,0.7176304668165453,1.218608433041522
6.04,0.7297804668212269,1.2113713180645358
6.05,0.7418574893873867,1.2040130669652362
6.0600000000000005,0.7538603268228325,1.1965344155626012
6.07,0.7657877788538233,1.1889361117155386
6.08,0.7776386527450956,1.1812189152481012
6.09,0.7894117634191362,1.1733835978735045
6.1000000000000005,0.8011059335746888,1.1654309431169565
6.11,0.8127199938044833,1.1573617462373056
6.12,0.8242527827121752,1.1491768141475152
6.13,0.8357031470284844,1.1408769653339734
6.140000000000001,0.8470699417265214,1.1324630297746452
6.15,0.858352030136289,1.1239358488560744
6.16,0.8695482840583482,1.115296275289247
6.17,0.880657583876637,1.1065451730243199
6.18,0.8916788186704315,1.0976834171642267
6.19,0.902610886325437,1.0887118938771687
6.2,0.913452693643998,1.0796315003079981
6.21,0.9242031564544176,1.0704431444885047
6.22,0.9348611997193739,1.0611477452466136
6.23,0.945425757643422,1.0517462321145024
6.24,0.9558957737795736,1.0422395452356497
6.25,0.9662702011349401,1.032628635270821
6.26,0.9765480022754316,1.0229144633030034
6.2700000000000005,0.9867281494294989,1.0130980007412986
6.28,0.9968096245909104,1.0031802292237824
6.29,1.0067914196205512,0.9931621405193413
6.3,1.0166725363472366,0.9830447364284973
6.3100000000000005,1.0264519866675283,0.9728290286832282
6.32,1.0361287926445442,0.9625160388457953
6.33,1.0457019866057504,0.9521067982065881
6.34,1.0551706112397288,0.9416023476809958
6.3500000000000005,1.0645337196919065,0.9310037377053173
6.36,1.073790375659241,0.9203120281317179
6.37,1.08293965348385,0.9095282881222448
6.38,1.091980638245575,0.8986535960419126
6.390000000000001,1.1009124258534744,0.8876890393508668
6.4,1.1097341231362305,0.8766357144956393
6.41,1.118444847931467,0.8654947267995042
6.42,1.127043729173963,0.8542671903519471
6.43,1.1355299069827602,0.842954227897256
6.44,1.1439025327471497,0.831556970722249
6.45,1.1521607692115325,0.8200765585431455
6.46,1.160303790559144,0.8085141393915964
6.47,1.1683307824946354,0.7968708694998814
6.48,1.1762409423255025,0.7851479131852866
6.49,1.184033479042354,0.7733464427336744
6.5,1.191707613398012,0.761467638282255
6.51,1.1992625779854365,0.7495126877015745
6.5200000000000005,1.2066976173144643,0.7374827864767284
6.53,1.2140119878873588,0.7253791375878139
6.54,1.221204958273158,0.7132029513896335
6.55,1.2282758091808175,0.70095544549066
6.5600000000000005,1.235223833531139,0.688637844631277
6.57,1.2420483365274777,0.6762513805613054
6.58,1.248748635725221,0.66379729191683
6.59,1.2553240611000331,0.6512768240963368
6.6000000000000005,1.261773955114856,0.6386912291361738
6.61,1.2680976727856628,0.626041765585349
6.62,1.2742945817459568,0.6133296983796759
6.63,1.2803640623100059,0.6005562987152817
6.640000000000001,1.2863055075348118,0.5877228439214881
6.65,1.2921183232808031,0.5748306173330797
6.66,1.2978019282712496,0.5618809081619717
6.67,1.3033557541503886,0.5488750113682895
6.68,1.3087792455402603,0.5358142275308742
6.69,1.3140718600962453,0.5226998627172252
6.7,1.319233068561299,0.5095332283528952
6.71,1.3242623548188757,0.49631564109034815
6.72,1.3291592159445407,0.48304842267729553
6.73,1.3339231622562624,0.46973289982452243
6.74,1.3385537173633795,0.45637040407321766
6.75,1.3430504182142402,0.4429622716618208
6.76,1.3474128151425067,0.4295098433923993
6.7700000000000005,1.3516404719121216,0.41601446449656954
6.78,1.3557329657609312,0.4024774845009748
6.79,1.3596898874429608,0.3889002570923337
6.8,1.36351084126934,0.3752841399820725
6.8100000000000005,1.36719544514787,0.36163049477055526
6.82,1.3707433306212338,0.34794068681092494
6.83,1.3741541429038406,0.3342160850725691
6.84,1.3774275409173045,0.3204580620042243
6.8500000000000005,1.380563197324552,0.306667993396732
6.86,1.3835607985625555,0.2928472582454612
6.87,1.3864200448736894,0.2789972386124095
6.88,1.389140650335705,0.26511931948799833
6.890000000000001,1.3917223428903236,0.25121488865257496
6.9,1.394164864370441,0.23728533653763578
6.91,1.3964679705259446,0.2233320560867841
6.92,1.3986314310481385,0.2093564426164371
6.93,1.400655029592773,0.19535989367629525
6.94,1.4025385638016803,0.1813438089095886
6.95,1.404281845323009,0.16730958991311354
6.96,1.4058846998300598,0.15325864009707435
6.97,1.4073469670387178,0.1391923645447433
6.98,1.4086685007234805,0.12511216987195353
6.99,1.4098491687320807,0.11101946408643865
7.0,1.4108888529987016,0.09691565644703308
7.01,1.411787449555783,0.0828021573227474
7.0200000000000005,1.4125448685444177,0.06868037805173259
7.03,1.4131610342233385,0.054551730800147406
7.04,1.4136358849764907,0.04041762842094294
7.05,1.413969373319195,0.02627948431257849
7.0600000000000005,1.4141614659028947,0.012138712277682918
7.07,1.4142121435184916,-0.002003273618324468
7.08,1.4141214010982663,-0.016145059188639246
7.09,1.4138892477163856,-0.030285230266489407
7.1000000000000005,1.4135157065879937,-0.04442237284655083
7.11,1.4130008150668925,-0.05855507322634666
7.12,1.4123446246418048,-0.07268191814761638
7.13,1.4115472009312264,-0.0868014949376404
7.140000000000001,1.410608623676864,-0.10091239165050625
7.15,1.4095289867356606,-0.11501319720830191
7.16,1.4083083980704107,-0.12910250154222247
7.17,1.4069469797389638,-0.14317889573357584
7.18,1.4054448678820182,-0.1572409721546734
7.19,1.403802212709508,-0.1712873246095916
7.2,1.4020191784855816,-0.18531654847479045
7.21,1.4000959435121754,-0.19932724083957468
7.22,1.398032700111184,-0.21331800064638357
7.23,1.3958296546052285,-0.22728742883089556
7.24,1.393487027297023,-0.24123412846193362
7.25,1.3910050524473465,-0.2551567048811571
7.26,1.3883839782516154,-0.2690537658425264
7.2700000000000005,1.3856240668150652,-0.28292392165152647
7.28,1.3827255941265395,-0.29676578530413505
7.29,1.3796888500308917,-0.31057797262552195
7.3,1.3765141382000008,-0.3243591024084654
7.3100000000000005,1.373201776102404,-0.33810779655147155
7.32,1.369752094971551,-0.3518226801965836
7.33,1.36616543977268,-0.36550238186686623
7.34,1.362442169168322,-0.3791455336035524
7.3500000000000005,1.3585826554824345,-0.3927507711028379
7.36,1.35458728466317,-0.4063167338523107
7.37,1.3504564562442807,-0.41984206526700096
7.38,1.3461905833051662,-0.43332541282503856
7.390000000000001,1.3417900924295654,-0.446765428202904
7.4,1.3372554236628988,-0.4601607674102597
7.41,1.332587030468264,-0.47351009092434787
7.42,1.3277853796810903,-0.48681206382394177
7.43,1.3228509514624547,-0.5000653559228365
7.44,1.317784239251067,-0.5132686419028669
7.45,1.3125857497139262,-0.5264206014464379
7.46,1.3072560026956537,-0.5395199193685551
7.47,1.30179553116651,-0.5525652857483427
7.48,1.2962048811690972,-0.5655553960600341
7.49,1.2904846117637565,-0.5784889513034234
7.5,1.2846352949726612,-0.5913646581337642
7.51,1.2786575157226159,-0.6041812289911035
7.5200000000000005,1.2725518717865643,-0.6169373822290363
7.53,1.2663189737238116,-0.629631842242869
7.54,1.25995944481897,-0.6422633395971793
7.55,1.2534739210196302,-0.6548306111527581
7.5600000000000005,1.2468630508727676,-0.6673324001929227
7.57,1.2401274954598878,-0.6797674565491875
7.58,1.2332679283309187,-0.6921345367262794
7.59,1.226285035436857,-0.704432404026487
7.6000000000000005,1.219179515061173,-0.7166598286733284
7.61,1.211952077749983,-0.7288155879345289
7.62,1.204603446240995,-0.7408984662442922
7.63,1.1971343553912357,-0.7529072553248566
7.640000000000001,1.189545552103566,-0.7648407543073215
7.65,1.1818377952519907,-0.7766977698517333
7.66,1.1740118556057715,-0.7884771162664188
7.67,1.1660685157523514,-0.8001776156265528
7.68,1.158008570019096,-0.8117980978919497
7.69,1.1498328243938623,-0.8233374010240669
7.7,1.141542096444399,-0.8347943711022076
7.71,1.1331372152365924,-0.8461678624389114
7.72,1.124619021251559,-0.8574567376945228
7.73,1.1159883663015988,-0.8686598679909238
7.74,1.1072461134450142,-0.8797761330244208
7.75,1.0983931368998059,-0.8908044211777743
7.76,1.0894303219562504,-0.9017436296313591
7.7700000000000005,1.0803585648883733,-0.9125926644734462
7.78,1.0711787728643212,-0.9233504408095924
7.79,1.0618918638556467,-0.934015882871129
7.8,1.0524987665455114,-0.944587924122738
7.8100000000000005,1.0430004202358187,-0.9550655073691041
7.82,1.0333977747532839,-0.9654475848606344
7.83,1.0236917903544531,-0.9757331183982316
7.84,1.0138834376296777,-0.9859210794371133
7.8500000000000005,1.0039736974060565,-0.9960104491896657
7.86,0.9939635606493534,-1.0060002187273216
7.87,0.9838540283649023,-1.015889389081452
7.88,0.9736461114975069,-1.0256769713432627
7.890000000000001,0.9633408308303472,-1.0353619867626842
7.9,0.952939216882902,-1.0449434668462452
7.91,0.9424423098078978,-1.054420453453922
7.92,0.9318511592872947,-1.063791998894952
7.930000000000001,0.9211668244273186,-1.0730571660226003
7.94,0.9103903736525517,-1.0822150283278753
7.95,0.899522884599091,-1.0912646700321784
7.96,0.8885654440067855,-1.1002051861788806
7.97,0.8775191476105629,-1.1090356827238177
7.98,0.8663851000308577,-1.117755276624694
7.99,0.8551644146631491,-1.1263630959293862
8.0,0.8438582135666233,-1.1348582798631368
8.01,0.8324676273519678,-1.143239978914632
8.02,0.8209937950683118,-1.1515073549209514
8.03,0.8094378640893222,-1.159659581151384
8.040000000000001,0.7978009899984665,-1.1676958423901003
8.05,0.7860843364734563,-1.1756153350176737
8.06,0.7742890751698802,-1.183417267091441
8.07,0.7624163856040389,-1.1911008584246965
8.08,0.750467455034995,-1.19866534066471
8.09,0.7384434783458477,-1.2061099573695615
8.1,0.7263456579242458,-1.2134339640837843
8.11,0.7141752035421498,-1.2206366284128105
8.120000000000001,0.7019333322348557,-1.2277172300962094
8.13,0.6896212681792924,-1.2346750610797133
8.14,0.6772402425716053,-1.2415094255860222
8.15,0.6647914935040375,-1.2482196401843808
8.16,0.6522762658411216,-1.2548050338589212
8.17,0.6396958110951945,-1.2612649480757638
8.18,0.6270513873012467,-1.2675987368488706
8.19,0.6143442588911204,-1.2738057668046423
8.2,0.6015756965670673,-1.2798854172452558
8.21,0.5887469771746792,-1.2858370802107337
8.22,0.5758593835752044,-1.2916601605397393
8.23,0.562914204517263,-1.2973540759290922
8.24,0.5499127345079732,-1.3029182569919986
8.25,0.536856273683501,-1.3083521473149888
8.26,0.5237461276790483,-1.3136552035135591
8.27,0.5105836074982902,-1.318826895286509
8.28,0.4973700293822759,-1.3238667054689708
8.290000000000001,0.4841067146778055,-1.3287741300841263
8.3,0.47079498970529654,-1.3335486783936035
8.31,0.4574361856261529,-1.3381898729465505
8.32,0.44403163830965,-1.3426972496273795
8.33,0.4305826881993488,-1.3470703577021788
8.34,0.41709068017905276,-1.3513087598637852
8.35,0.40355696343832037,-1.3554120322755145
8.36,0.38998289133754743,-1.359379764613545
8.370000000000001,0.3763698212726321,-1.3632115601079495
8.38,0.3627191145392364,-1.3669070355823718
8.39,0.34903213619665796,-1.370465821492344
8.4,0.335310254931325,-1.3738875619622406
8.41,0.321554842919929,-1.3771719148208663
8.42,0.30776727569220796,-1.3803185516356724
8.43,0.29394893199339495,-1.3833271577455994
8.44,0.2801011936463443,-1.3861974322925437
8.45,0.26622544541335075,-1.3889290882514425
8.46,0.2523230748576743,-1.3915218524589763
8.47,0.23839547220478502,-1.3939754656408851
8.48,0.22444403020334164,-1.3962896824378954
8.49,0.21047014398591793,-1.398464271430256
8.5,0.19647521092949055,-1.4004990151608798
8.51,0.18246063051570247,-1.4023937101570894
8.52,0.16842780419091608,-1.4041481669509641
8.53,0.15437813522606963,-1.4057622100982867
8.540000000000001,0.14031302857635136,-1.4072356781960875
8.55,0.12623389074070512,-1.4085684238987846
8.56,0.11214212962118168,-1.4097603139329185
8.57,0.09803915438214965,-1.4108112291104788
8.58,0.08392637530938026,-1.4117210643408238
8.59,0.06980520366901993,-1.4124897286411884
8.6,0.05567705156646487,-1.4131171451457833
8.61,0.04154333180515168,-1.4136032511134808
8.620000000000001,0.027405457745278188,-1.4139479979340894
8.63,0.013264843162468624,-1.4141513511332142
8.64,-8.770978936027685E-4,-1.4142132903757048
8.65,-0.015018951240615528,-1.4141338094676885
8.66,-0.029159302705020037,-1.41391291635719
8.67,-0.04329673826345367,-1.413550633133336
8.68,-0.05742984418414198,-1.4130469960241474
8.69,-0.07155720716827069,-1.412402055392915
8.700000000000001,-0.08567741449131436,-1.4116158757331647
8.71,-0.09978905414430773,-1.4106885356622072
8.72,-0.11389071497504542,-1.409620127913277
8.73,-0.12798098682919593,-1.4084107593262585
8.74,-0.14205846069131592,-1.4070605508370024
8.75,-0.1561217288257506,-1.4055696374652327
8.76,-0.1701693849174061,-1.4039381683010441
8.77,-0.18420002421237985,-1.4021663064899934
8.78,-0.19821224365843476,-1.400254229216785
8.790000000000001,-0.21220464204530326,-1.398202127687553
8.8,-0.22617582014480717,-1.39601020711074
8.81,-0.2401243808507794,-1.3936786866765773
8.82,-0.2540489293187733,-1.3912077995351653
8.83,-0.2679480731055462,-1.388597792773159
8.84,-0.28182042230830207,-1.3858489273890595
8.85,-0.2956645897036812,-1.3829614782671145
8.86,-0.309479190886481,-1.37993573414983
8.870000000000001,-0.3232628444080956,-1.376771997609096
8.88,-0.33701417191465943,-1.3734705850159303
8.89,-0.35073179828488144,-1.370031826508841
8.9,-0.3644143517675561,-1.366456065960813
8.91,-0.3780604641187375,-1.3627436609449213
8.92,-0.3916687707385625,-1.358894982698574
8.93,-0.4052379108077095,-1.354910416086388
8.94,-0.4187665274234794,-1.3507903595617046
8.950000000000001,-0.4322532677354847,-1.3465352251267422
8.96,-0.44569678308093336,-1.3421454382913987
8.97,-0.4590957291194939,-1.3376214380306992
8.98,-0.4724487659677285,-1.3329636767408999
8.99,-0.48575455833307996,-1.328172620194248
9.0,-0.4990117756474002,-1.323248747492406
9.01,-0.5122190922000055,-1.3181925510185402
9.02,-0.525375187270247,-1.3130045363880847
9.03,-0.5384787452595813,-1.3076852223981792
9.040000000000001,-0.5515284558231291,-1.30223514097579
9.05,-0.5645230140007093,-1.2966548371245172
9.06,-0.5774611203473328,-1.2909448688700957
9.07,-0.590341481063147,-1.2851058072045927
9.08,-0.6031628081228142,-1.2791382360293087
9.09,-0.615923819404313,-1.273042752096388
9.1,-0.6286232388171495,-1.2668199649491445
9.11,-0.6412597964299657,-1.260470496861107
9.120000000000001,-0.6538322285975307,-1.253994982773793
9.13,-0.666339278087105,-1.2473940702332151
9.14,-0.6787796942041625,-1.2406684193251263
9.15,-0.6911522329174585,-1.2338187026090126
9.16,-0.7034556569834325,-1.2268456050508376
9.17,-0.7156887360699307,-1.219749823954546
9.18,-0.7278502468792389,-1.212532068892334
9.19,-0.7399389732704111,-1.2051930616336932
9.200000000000001,-0.7519537063808822,-1.1977335360732335
9.21,-0.7638932447473535,-1.1901542381572945
9.22,-0.7757563944259382,-1.1824559258093514
9.23,-0.7875419691115546,-1.174639368854224
9.24,-0.7992487902565556,-1.1667053489410937
9.25,-0.8108756871885825,-1.15865465946534
9.26,-0.8224214972276315,-1.1504881054892016
9.27,-0.8338850658023201,-1.1422065036612703
9.28,-0.8452652465653442,-1.1338106821348277
9.290000000000001,-0.856560901508111,-1.1253014804850296
9.3,-0.8677709010745396,-1.11667974962495
9.31,-0.8788941242740149,-1.1079463517204902
9.32,-0.8899294587934867,-1.0991021601041624
9.33,-0.9008758011086992,-1.090148059187758
9.34,-0.9117320565945431,-1.0810849443739068
9.35,-0.9224971396345167,-1.0719137219665376
9.36,-0.9331699737292872,-1.062635309080248
9.370000000000001,-0.9437494916043392,-1.053250633548595
9.38,-0.9542346353167016,-1.0437606338313106
9.39,-0.964624356360741,-1.034166258920458
9.4,-0.9749176157730112,-1.0244684682455334
9.41,-0.9851133842361488,-1.0146682315775222
9.42,-0.9952106421818042,-1.0047665289319243
9.43,-1.0052083798925973,-0.9947643504707527
9.44,-1.0151055976030885,-0.9846626964035183
9.450000000000001,-1.024901305599755,-0.9744625768872096
9.46,-1.0345945243199597,-0.964165011925278
9.47,-1.044184284449909,-0.9537710312656383
9.48,-1.053669627021581,-0.9432816742976946
9.49,-1.0630496035086237,-0.9326979899484025
9.5,-1.0723232759212047,-0.9220210365773769
9.51,-1.081489716899811,-0.9112518818710574
9.52,-1.0905480098079836,-0.9003916027359402
9.53,-1.0994972488239805,-0.8894412851908884
9.540000000000001,-1.1083365390313578,-0.8784020242585311
9.55,-1.117064996508461,-0.8672749238557619
9.56,-1.1256817484168162,-0.8560610966833484
9.57,-1.1341859330884134,-0.8447616641146629
9.58,-1.1425767001118725,-0.8333777560835459
9.59,-1.1508532104174833,-0.8219105109713137
9.6,-1.1590146363611127,-0.8103610754929215
9.61,-1.1670601618069674,-0.7987306045822922
9.620000000000001,-1.1749889822092077,-0.7870202612768248
9.63,-1.1828003046924007,-0.7752312166010911
9.64,-1.1904933481308078,-0.7633646494497341
9.65,-1.1980673432264959,-0.7514217464695802
9.66,-1.2055215325862674,-0.7394037019409746
9.67,-1.212855170797398,-0.7273117176583552
9.68,-1.2200675245021784,-0.7151470028100734
9.69,-1.2271578724712484,-0.7029107738574765
9.700000000000001,-1.2341255056757197,-0.6906042544132627
9.71,-1.2409697273580784,-0.6782286751191209
9.72,-1.2476898531018599,-0.6657852735226674
9.73,-1.25428521090009,-0.653275293953692
9.74,-1.260755141222485,-0.6406999873997266
9.75,-1.2670989970814046,-0.6280606113809469
9.76,-1.2733161440965493,-0.6153584298244219
9.77,-1.2794059605583987,-0.6025947129377219
9.78,-1.2853678374903816,-0.589770737081899
9.790000000000001,-1.2912011787097732,-0.5768877846438518
9.8,-1.2969054008873127,-0.5639471439080883
9.81,-1.3024799336055357,-0.5509501089278979
9.82,-1.3079242194158163,-0.5378979793959476
9.83,-1.31323771389411,-0.5247920605143137
9.84,-1.3184198856953975,-0.5116336628639626
9.85,-1.3234702166068169,-0.49842410227369377
9.86,-1.3283882015994857,-0.4851646996885581
9.870000000000001,-1.3331733488790032,-0.47185678103776435
9.88,-1.337825179934629,-0.45850167710208756
9.89,-1.342343229587134,-0.4451007233807919
9.9,-1.3467270460353185,-0.43165525995808174
9.91,-1.3509761909011904,-0.41816663136909465
9.92,-1.3550902392738045,-0.40463618646544885
9.93,-1.3590687797517518,-0.39106527828035914
9.94,-1.3629114144843,-0.3774552638933348
9.950000000000001,-1.3666177592111781,-0.36380750429447256
9.96,-1.3701874433010024,-0.35012336424835905
9.97,-1.3736201097883383,-0.3364042121575952
9.98,-1.3769154154093979,-0.3226514199259573
9.99,-1.380073030636365,-0.30886636282120766
10.0,-1.3830926397103487,-0.29505041933756904
